# Solution vector (reordered space, method=rcm)
8.30602e-05
5.01575e-06
3.49316e-05
-2.5947e-05
6.24683e-06
-0.000139944
-5.8393e-06
2.08064e-05
2.24188e-05
-2.82371e-05
4.5181e-06
-0.000181171
5.33941e-05
2.08341e-05
2.01225e-05
-6.71622e-06
9.55177e-05
4.96786e-06
-0.000134405
3.04697e-06
-2.13231e-05
-2.19055e-05
4.38476e-05
4.49542e-06
-0.000244857
0.000151537
-0.000264362
0.000121558
-3.60029e-05
-0.000152673
-1.50421e-05
0.000152436
-9.50501e-05
-8.13732e-06
-7.55303e-05
-6.60885e-05
7.83747e-05
0.000145748
5.72506e-06
9.75571e-05
5.61034e-05
-5.78149e-05
-4.94527e-06
-4.9216e-06
-1.97388e-05
1.71032e-06
-1.21307e-05
-4.18766e-05
-1.7129e-06
-4.77216e-05
1.97486e-05
2.92451e-05
-2.02992e-05
-2.07616e-05
3.51746e-05
2.39712e-05
0.000361057
-6.5275e-06
6.35927e-05
4.06368e-05
0.000432616
3.7219e-05
6.19701e-05
-2.12547e-05
-7.26086e-06
-1.06304e-05
-7.10699e-05
8.05187e-06
-2.8619e-05
-0.00021728
-3.08211e-05
-1.71106e-05
6.76404e-05
-0.000172293
-2.10602e-05
3.16894e-05
-2.7168e-05
6.08199e-05
1.50033e-05
1.67215e-05
4.27737e-05
8.7682e-05
4.151e-05
2.62186e-05
7.23832e-06
-2.5206e-06
2.72542e-06
-6.23451e-05
1.96278e-06
1.59605e-06
7.80818e-05
-1.18372e-05
3.88361e-05
2.63424e-05
6.66944e-05
-9.78477e-06
2.09751e-05
4.69022e-05
0.000197581
2.44274e-05
1.04639e-05
-1.13663e-05
-0.000121221
1.88132e-05
1.16659e-05
-4.23511e-05
0.000101306
1.67081e-05
4.26025e-06
-7.69296e-05
2.3531e-05
4.44122e-05
0.000216001
-5.38872e-05
-1.41721e-05
-5.34095e-05
-0.000167812
-1.35738e-05
8.5516e-05
-8.70892e-05
2.22207e-05
-1.34822e-05
-4.05952e-06
7.58502e-06
7.78488e-05
1.48924e-05
2.54704e-05
-2.02432e-05
-2.39737e-05
8.92248e-06
6.0106e-06
-1.568e-05
3.383e-05
0.000144393
1.11002e-05
-2.76927e-05
0.000698664
5.39715e-05
-0.00022737
-8.93401e-05
3.67025e-06
4.98341e-06
3.25938e-06
5.32271e-06
2.94493e-07
1.47237e-06
3.14355e-06
-3.40582e-06
2.83539e-06
3.82415e-05
6.16128e-05
1.75699e-05
-8.28326e-05
-7.09704e-06
8.43851e-05
2.94539e-05
2.58558e-06
5.89372e-06
-1.96036e-06
3.67854e-06
8.5754e-07
-6.50698e-05
2.46466e-05
1.03646e-05
-1.08544e-07
1.45781e-06
-4.53403e-07
6.04107e-05
6.97958e-05
2.85707e-05
-0.000125691
8.00166e-05
3.03285e-05
-0.000113059
-4.70299e-05
1.75261e-05
-9.23608e-05
3.7792e-05
-3.16836e-05
0.000199138
-0.000132311
7.64093e-05
0.000265924
-0.000313968
-8.71549e-05
-0.000267029
3.7836e-05
-4.7349e-05
0.000115778
-0.000128063
-5.9434e-06
0.000126456
-1.19453e-05
4.14356e-05
-7.25794e-05
2.35365e-05
9.74115e-05
7.10014e-06
-4.3075e-06
2.51518e-06
3.82256e-06
2.99264e-06
1.24892e-06
-0.000376771
0.000520803
-0.000499398
-7.55539e-05
4.49948e-05
-4.30447e-06
0.000949694
-0.00148174
-5.32503e-05
1.26481e-05
-7.06355e-06
1.99837e-05
-2.17799e-06
-7.87561e-06
4.97576e-06
1.8507e-05
2.52082e-05
-2.13704e-05
-6.29143e-06
-7.47603e-06
1.27717e-05
2.86499e-05
-1.59147e-05
-6.12422e-05
1.95559e-06
-9.85515e-05
4.27262e-05
1.74587e-05
-7.12438e-06
1.1752e-05
1.62751e-05
-1.34988e-05
3.09531e-05
1.26409e-05
-2.99325e-05
-8.28442e-05
1.06947e-05
3.0106e-05
-2.61305e-05
2.72704e-05
2.89026e-05
9.87342e-05
4.87225e-05
-0.000125413
-6.08588e-05
-1.24322e-05
-5.93599e-05
8.75636e-06
1.30778e-05
0.000164661
-5.46407e-05
0.000186253
0.000366949
4.11453e-05
1.14674e-05
-9.47598e-05
0.000542891
0.000199248
-0.000111713
7.16423e-05
3.20946e-05
3.35731e-06
-4.08146e-05
1.65445e-05
1.0373e-05
-3.50526e-05
-2.4434e-05
-7.04538e-07
-5.67212e-06
6.04849e-06
3.27216e-06
8.96995e-05
5.81803e-05
3.51809e-05
-9.19297e-07
5.93307e-06
3.0913e-06
6.5409e-05
5.34841e-05
8.17078e-06
0.000441381
-0.000260377
8.51786e-05
-9.81762e-05
5.74011e-05
2.30653e-05
-4.65047e-06
4.79936e-06
3.05257e-06
-0.000110195
5.32219e-05
2.79372e-05
5.59429e-05
4.10564e-06
5.96274e-06
-6.05007e-05
4.56627e-05
3.22141e-05
-8.8254e-07
4.87196e-05
1.22168e-05
-9.26345e-06
3.44686e-05
1.91734e-05
3.635e-06
-2.28987e-05
-1.2481e-05
-3.07718e-05
5.50157e-05
2.10867e-05
5.46741e-07
4.60484e-06
2.99156e-06
-3.99485e-05
5.05298e-05
2.24081e-05
-2.21335e-06
-1.77343e-05
-5.52304e-06
3.10956e-06
7.89455e-06
-3.18969e-07
2.00867e-05
-1.9825e-05
-1.36201e-05
-8.08836e-06
7.06453e-05
2.49158e-05
-1.71069e-06
9.35012e-07
3.27163e-06
-0.000118777
0.000102851
4.46794e-05
1.33197e-05
-4.58969e-05
-1.40141e-06
-1.11866e-05
6.45352e-05
7.18644e-06
4.67453e-05
-1.11501e-05
8.92574e-06
-0.000147871
0.000112786
1.64321e-05
-7.45862e-06
5.74258e-06
3.29699e-06
-6.1502e-05
4.19884e-05
3.20656e-05
8.28679e-06
3.96943e-06
2.34776e-06
2.36992e-06
-2.30229e-06
-1.48352e-06
0.000170271
5.95649e-05
-7.11468e-06
2.40046e-06
-4.46876e-07
2.46081e-06
0.000143298
7.95667e-05
1.28945e-05
2.1353e-05
-0.000164578
4.87249e-05
-7.95629e-06
-3.14902e-05
-1.56669e-05
9.71688e-06
0.000103874
-8.72226e-05
4.58925e-05
-0.000223533
-0.00010965
3.1512e-06
0.000167053
-8.94378e-07
2.30443e-05
-0.00019196
4.03585e-05
-5.52211e-07
0.000151553
-2.09117e-06
2.37358e-05
-0.000193353
-2.0253e-05
3.4761e-06
-3.07287e-05
-1.76465e-05
-6.33791e-06
4.8736e-05
3.44079e-05
4.825e-05
0.000420043
-1.63864e-05
0.0001747
0.000179937
0.000102599
1.0281e-06
-8.0763e-06
-1.41598e-05
5.15287e-05
3.83798e-05
4.92238e-05
1.68988e-05
1.15048e-05
2.28086e-05
-9.26835e-05
2.07131e-05
0.000131535
-0.000150033
-5.33188e-05
3.56759e-05
-3.87709e-05
3.74433e-05
5.34336e-05
-5.54883e-05
-1.1458e-05
3.4197e-05
-2.98235e-05
2.3545e-05
3.65638e-05
-1.47178e-05
1.00517e-05
1.68745e-05
-8.4147e-06
3.43086e-05
-7.8864e-06
0.000103158
2.28926e-05
3.91434e-05
2.32072e-05
7.0823e-05
7.46058e-06
-0.000104726
5.58436e-05
3.10201e-05
-8.20401e-05
-7.55295e-06
2.18216e-05
-5.52887e-06
8.36602e-05
1.36415e-05
-6.103e-07
2.88387e-05
1.56584e-05
-2.44529e-05
4.63798e-05
2.2934e-05
-1.3979e-05
4.73337e-05
1.71224e-05
-1.91228e-05
4.02116e-05
2.39145e-05
-4.27774e-05
7.2901e-05
4.88535e-06
-1.51775e-05
6.99067e-06
4.12658e-05
0.000314921
-0.00011827
0.000106374
-2.5361e-05
0.000551937
-0.000182016
-5.87071e-05
0.000190246
-2.84452e-05
-1.98832e-05
-1.3357e-05
1.48849e-05
2.26891e-05
3.66859e-07
-6.04091e-05
-7.85133e-06
2.11614e-05
5.22098e-05
1.83495e-05
3.95076e-05
-5.65266e-05
1.50903e-05
5.9465e-07
8.05455e-05
4.2064e-05
-0.000151067
-7.91418e-05
-2.96252e-05
1.15712e-05
7.64682e-05
4.62576e-05
-6.58894e-05
-8.06171e-05
-1.77746e-05
9.10005e-05
6.64313e-05
5.34915e-05
-5.22287e-05
-2.61567e-05
-1.24129e-05
-3.79369e-05
1.14153e-05
4.0489e-06
1.52049e-05
-5.11211e-06
1.24144e-05
2.39302e-05
-3.08303e-06
1.21852e-05
-2.98789e-05
-5.46471e-06
2.91862e-06
0.000114558
-7.78293e-05
3.85868e-05
1.8123e-05
4.1642e-05
-3.32512e-05
-0.000140364
-5.12533e-05
1.46856e-05
-8.46561e-05
-4.11547e-05
1.35501e-05
1.23167e-05
1.05867e-05
-1.77187e-06
-0.000273849
4.83046e-06
-7.10041e-06
0.000104166
-1.21458e-05
7.351e-05
2.29769e-05
-0.000121586
-3.87472e-06
6.84404e-05
6.19284e-06
8.52754e-06
1.38786e-05
1.43334e-07
3.74909e-05
2.43675e-05
1.34712e-05
3.54523e-05
6.40347e-06
-8.03778e-06
7.23591e-05
4.53495e-06
6.81814e-07
3.64381e-05
0.000104183
2.73543e-06
3.32904e-05
6.30215e-06
1.80407e-05
2.0843e-05
-1.85487e-05
2.20935e-05
3.10275e-05
3.74915e-06
-1.75363e-06
-1.58588e-05
1.11875e-05
1.00856e-07
-3.98802e-06
-0.000299837
1.3993e-06
0.000130676
1.05595e-06
-3.47553e-06
2.17603e-06
-3.57202e-06
-1.26457e-05
-2.93434e-07
-0.000144933
5.99236e-05
2.79341e-05
1.98138e-05
-3.41695e-06
-3.25028e-06
-6.80968e-06
1.85416e-06
3.16565e-06
-5.32558e-05
9.7042e-05
3.08828e-06
1.90254e-05
-1.9175e-05
-1.51074e-05
6.27194e-06
-1.2496e-06
5.93152e-06
3.44968e-06
4.29644e-06
-1.51741e-06
-0.000267978
0.000241233
-1.88351e-05
1.24294e-05
5.04758e-05
-1.79982e-06
-1.41321e-05
3.10892e-06
1.0625e-07
7.37819e-06
2.31475e-06
2.53308e-06
8.40335e-06
9.00577e-07
1.38025e-06
-7.91622e-06
1.60529e-06
3.04593e-06
1.35642e-05
-3.7778e-06
2.92457e-06
2.01488e-05
-2.77519e-05
1.83829e-05
6.64912e-06
1.47376e-05
-3.83489e-07
1.92667e-06
3.11881e-06
3.586e-06
7.36026e-06
-4.74784e-06
2.90736e-06
-5.21961e-06
-5.6986e-06
3.35531e-06
-9.91729e-05
3.60452e-05
2.47311e-05
-9.49295e-06
3.35164e-06
3.79415e-06
-8.27425e-05
0.000112464
-2.14368e-05
8.84189e-06
-4.73747e-07
7.04322e-06
9.03681e-06
1.54408e-05
-1.36875e-06
2.77014e-06
2.71356e-06
3.4928e-06
8.58953e-06
-4.70052e-05
-9.05708e-06
7.1792e-06
7.23692e-06
-1.53539e-06
9.32068e-06
-9.21026e-07
3.31755e-06
1.07185e-05
4.31549e-07
2.90133e-06
1.10398e-06
-1.06764e-05
6.05902e-06
-2.5943e-06
1.6993e-05
2.99337e-06
-7.16969e-06
-7.42017e-06
-4.62941e-06
-0.000185136
4.91399e-05
-2.19083e-06
8.31238e-06
4.27919e-06
-3.25269e-06
-2.47007e-06
1.60779e-05
-4.11277e-05
2.47393e-06
-1.94919e-05
3.51581e-06
6.97826e-05
2.96347e-05
1.02077e-06
-1.75674e-05
4.09548e-05
7.31565e-06
2.12152e-05
-2.3891e-05
4.15378e-06
3.19714e-05
3.32182e-05
1.17062e-05
1.13707e-05
-3.11797e-06
2.94762e-06
-5.34819e-06
2.54256e-06
2.27071e-06
-0.000197401
0.000132894
1.1564e-05
1.81196e-06
9.81974e-06
2.39543e-06
4.92692e-06
2.17145e-06
3.11771e-06
-5.98596e-06
-0.000356473
-6.1314e-07
-9.96309e-05
7.45906e-07
1.30618e-05
2.29996e-06
4.62194e-06
6.61394e-07
8.09582e-07
1.26558e-05
-3.06787e-06
2.96075e-06
-0.00042551
0.000324833
-0.000123312
-2.17412e-06
5.07681e-09
2.62898e-06
9.52422e-06
7.04041e-06
-8.23875e-07
7.43499e-07
-6.35207e-07
1.82097e-06
2.945e-05
-7.21337e-06
1.84227e-06
3.09207e-05
1.07388e-05
1.42779e-05
9.2831e-06
1.91592e-05
-2.74784e-05
-3.32636e-05
3.78068e-06
3.0883e-06
1.39144e-05
2.33828e-06
3.41747e-06
0.000140183
2.66829e-05
1.96312e-05
0.00136907
-0.000375353
-9.44373e-05
-1.50688e-05
0.00021979
1.66265e-06
-8.08341e-06
-4.0309e-06
-4.62485e-06
3.27016e-06
3.19672e-06
3.9816e-06
3.84009e-06
3.28296e-06
-2.32636e-06
1.99184e-06
3.30541e-06
3.32507e-05
4.91165e-05
5.45432e-05
1.00387e-05
-2.37431e-05
2.28691e-06
4.79775e-05
-2.24067e-05
-3.10669e-05
-1.10995e-06
1.61438e-06
3.30003e-06
-8.37438e-06
-2.30191e-05
-1.23072e-05
0.000158183
0.000148075
9.31818e-05
-3.39827e-07
5.87046e-06
2.52833e-06
-9.3034e-05
-3.13709e-05
-1.35707e-05
1.8528e-06
-1.5603e-05
6.70188e-06
-1.52397e-06
-2.66175e-05
2.94062e-06
2.04831e-05
-6.2368e-05
-2.30131e-05
3.30994e-05
-5.46693e-06
6.45167e-05
-1.13943e-05
5.04648e-06
2.89362e-06
-8.38021e-08
1.89382e-06
3.20091e-06
-4.11851e-06
-2.33e-05
-1.3813e-05
0.000120866
-7.22705e-06
3.90239e-06
-0.00133346
2.97604e-05
9.65292e-05
-1.56898e-06
1.14837e-06
3.31019e-06
2.71321e-05
-2.40875e-05
4.1378e-06
-0.00268878
-0.000539319
-0.000705728
1.2136e-06
-3.31298e-07
2.44638e-06
2.73028e-06
3.02366e-06
3.07358e-06
1.22048e-06
-3.23494e-06
-4.08854e-07
1.35296e-06
1.98048e-06
3.3106e-06
-4.73542e-05
-1.74345e-05
-2.79464e-06
-1.33172e-05
6.19868e-06
2.84632e-06
-7.95136e-08
5.30513e-06
3.05257e-06
2.77836e-05
1.34114e-05
1.33981e-05
-3.39129e-06
3.3214e-06
3.28414e-06
-0.00011217
0.00029795
-0.000408837
4.66364e-05
0.000186348
-1.48162e-05
3.20736e-05
5.58979e-06
9.60996e-06
2.39931e-06
4.02573e-06
3.17806e-06
-4.73676e-06
4.22348e-06
2.99851e-06
-2.33859e-06
1.82688e-06
3.31592e-06
-4.72712e-06
6.26005e-06
3.13448e-06
-0.000227218
-4.18945e-05
6.79518e-06
-4.36345e-06
4.50285e-06
3.19937e-06
-5.60889e-06
4.03798e-06
3.14283e-06
-5.07626e-07
-0.00170518
3.00799e-06
-0.000251941
-4.30119e-06
7.05222e-05
0.000186343
-1.06195e-05
-1.33328e-05
-3.45653e-05
-1.37612e-05
-1.94365e-05
3.34591e-06
-1.01488e-05
2.38072e-06
2.18236e-05
-2.30506e-06
1.84088e-06
-0.000157662
6.40911e-05
-4.53202e-07
2.4276e-05
9.31578e-06
3.68364e-07
1.34344e-05
3.39028e-06
4.06007e-06
-1.51964e-05
-2.96499e-05
3.23215e-06
-1.1112e-05
-1.65503e-05
6.01871e-06
3.56255e-05
3.39817e-06
3.6073e-06
-6.79606e-07
2.22865e-07
-8.3932e-06
1.52252e-05
2.50216e-06
3.56397e-06
3.46e-06
3.00579e-06
3.22325e-06
-7.09629e-08
-2.33673e-07
4.03203e-06
6.68843e-07
2.37694e-06
6.02007e-06
0.000125074
1.57816e-05
3.20377e-05
2.8546e-06
8.48574e-06
3.65371e-06
2.0421e-07
-1.12143e-05
-4.07191e-05
1.06399e-06
-1.24649e-05
-7.44744e-07
2.89493e-06
-4.78563e-06
1.78587e-06
8.31641e-06
6.80385e-05
1.1955e-05
2.42314e-05
-6.28653e-06
-3.83189e-06
6.40407e-06
3.26774e-06
3.97353e-06
4.78919e-06
9.10891e-06
-0.000108167
8.8514e-07
-2.61173e-05
-0.000471165
-0.000249617
-2.9636e-05
-7.72286e-06
8.91036e-06
3.25849e-06
3.13403e-06
9.4533e-05
2.42295e-05
-3.31034e-05
9.96377e-06
-3.02425e-06
2.86927e-06
2.71206e-06
7.79109e-06
-1.0141e-06
-4.33183e-05
4.79938e-05
-5.1438e-07
-4.87338e-07
2.59192e-06
3.14004e-06
3.06578e-06
2.99531e-06
-0.000611893
-4.17612e-05
1.40951e-05
4.53999e-06
-5.62374e-06
4.90325e-07
2.8538e-06
-1.12104e-05
1.6351e-06
-5.87867e-06
3.94596e-06
3.15579e-06
-3.56258e-05
9.1454e-06
6.9227e-07
-1.75084e-06
1.18152e-06
3.29756e-06
0.000108859
2.02655e-05
-9.73685e-05
3.10104e-06
3.20529e-06
3.31236e-06
1.37311e-06
2.44821e-06
2.58264e-06
-3.8238e-06
3.89837e-06
3.23171e-06
2.92452e-07
-2.05918e-07
2.26398e-06
-5.51478e-06
4.0101e-06
3.30445e-06
4.87475e-08
1.8861e-06
2.87201e-06
3.30963e-06
4.13501e-05
-1.70099e-05
-2.64577e-06
-8.81633e-07
2.55957e-05
1.26304e-05
-1.22008e-05
-1.29076e-05
-6.5712e-06
-2.93417e-05
1.05131e-05
6.23456e-06
-2.77954e-06
-2.029e-05
-1.37184e-05
-1.31983e-05
-5.59737e-06
2.89643e-05
2.74927e-05
3.74121e-05
-1.30456e-06
-1.22112e-05
-4.26888e-06
-3.83053e-06
3.96111e-06
2.21846e-06
2.61884e-05
-1.61615e-05
-4.68353e-06
5.68123e-07
3.24384e-06
-3.38202e-07
-7.15145e-06
4.84837e-06
-5.92157e-06
4.63231e-06
-1.77062e-05
-6.33798e-06
-1.49492e-05
-2.34202e-07
-1.65052e-05
5.4178e-06
1.5874e-05
3.44313e-06
1.96953e-06
-2.06932e-05
9.33121e-06
-9.61061e-07
3.31623e-06
2.00492e-05
-2.65247e-05
-8.41997e-06
1.20738e-05
-3.15276e-06
2.88653e-06
1.05273e-05
-2.89679e-06
2.98355e-06
1.40993e-05
-5.97593e-06
6.67333e-06
2.34969e-06
3.0258e-06
1.28034e-05
-2.76641e-06
2.97292e-06
9.07318e-06
-5.70794e-07
3.26406e-06
1.1127e-05
-3.14694e-05
-8.45925e-06
2.57225e-06
4.13596e-06
3.70482e-06
1.04619e-05
3.2604e-06
-1.36306e-05
3.03021e-06
-1.5277e-06
2.83594e-07
3.2248e-06
-8.27653e-06
-2.74384e-06
2.19634e-06
3.27249e-06
-2.98614e-06
-2.09726e-06
1.63057e-06
3.22348e-06
3.60935e-06
-4.68423e-06
3.72291e-06
3.31126e-06
-4.7653e-06
4.38084e-06
3.23921e-06
-8.28644e-07
3.30176e-06
6.20956e-06
3.09708e-06
5.46442e-06
4.82923e-06
6.5025e-06
-2.99485e-06
4.86732e-06
2.93359e-05
5.22764e-06
3.30209e-06
4.64798e-06
4.86126e-06
4.37462e-05
1.1141e-05
-0.00018311
6.80746e-06
3.5448e-05
8.66724e-06
9.22251e-06
8.92484e-06
8.92918e-06
5.67153e-05
3.40853e-06
-7.68044e-06
-7.00459e-06
-8.70289e-06
-2.10522e-06
-4.02231e-07
-3.0618e-05
-1.98396e-07
3.11125e-06
7.19687e-06
1.31997e-05
4.41085e-06
8.75735e-05
-1.41609e-06
-9.66089e-07
-8.67165e-07
2.19078e-06
-5.07294e-07
-5.51071e-06
2.17049e-05
2.5358e-05
-2.02441e-05
-1.28237e-06
-6.56029e-06
9.45015e-07
5.97884e-06
8.22846e-06
5.79865e-06
-2.17713e-05
1.66245e-06
-2.52772e-06
3.94226e-06
5.97275e-06
3.41792e-06
9.86791e-06
3.04084e-06
1.05859e-05
1.64305e-06
-1.8995e-05
5.63054e-06
2.82258e-05
-3.14624e-05
2.05144e-05
8.62622e-05
-3.05355e-05
1.96461e-05
-0.000487494
1.98416e-05
-9.43237e-07
-0.00166334
-0.000386732
0.000396988
1.78212e-06
6.76603e-06
2.83024e-06
4.92994e-05
1.45044e-05
1.14277e-05
0.00011869
7.79151e-06
1.72818e-05
-0.000398831
-7.59726e-05
-1.34073e-05
-0.00141045
-0.000207167
-6.83369e-05
1.48164e-06
1.0698e-05
-3.90604e-07
3.58575e-06
2.78051e-05
1.08702e-05
1.07581e-06
-6.64392e-06
4.66297e-06
3.16565e-06
-5.2966e-06
1.27395e-05
1.03895e-07
9.32742e-07
8.42905e-05
-1.98225e-05
-8.10975e-06
4.22235e-06
3.08933e-06
1.04893e-05
4.71996e-06
3.6156e-06
-1.02374e-05
3.57403e-06
3.00961e-06
1.18728e-05
4.17361e-06
3.55492e-06
-5.74156e-06
5.08378e-06
5.48974e-06
1.34415e-05
3.70114e-06
3.44951e-06
1.62476e-05
3.16325e-05
1.4417e-05
9.97821e-06
2.70001e-05
0.000250846
3.23882e-06
6.46994e-06
1.16344e-05
2.65679e-05
-1.42357e-06
9.47626e-06
4.16724e-06
8.17753e-06
8.81128e-06
2.02097e-06
-4.28882e-06
-4.19166e-06
3.27588e-06
7.76361e-06
2.51337e-06
3.05985e-06
3.06435e-06
1.38116e-05
-4.00015e-06
6.86141e-07
3.25094e-06
2.1522e-06
-3.13502e-06
-5.60871e-07
-4.37357e-07
-4.23288e-06
3.66726e-06
3.28591e-06
3.52835e-06
3.60981e-06
-3.14335e-06
2.22203e-06
3.24767e-06
3.27334e-06
3.06269e-06
-3.63102e-06
-6.01037e-07
0.00440466
6.89046e-06
2.92662e-06
3.84796e-06
9.36457e-06
7.57277e-06
1.26383e-05
1.6256e-05
-2.23902e-06
6.69382e-06
4.91935e-06
7.76992e-06
6.58901e-06
5.86318e-06
3.68197e-06
1.10933e-05
-8.86128e-07
-3.5874e-06
-1.86291e-06
-2.45793e-06
0.00440466
-6.64013e-06
4.15506e-06
1.22729e-06
1.44646e-06
6.72885e-06
1.17643e-06
-8.86163e-07
-4.18249e-06
2.19757e-08
2.68799e-06
-6.96877e-07
-8.32965e-07
1.47829e-06
2.63094e-06
7.47128e-06
-1.87895e-07
4.97664e-06
4.57875e-07
1.83299e-06
0.00440466
4.33676e-06
3.11542e-06
-5.84117e-07
7.94927e-07
6.01284e-06
-9.42426e-08
5.58167e-08
-3.11567e-06
-6.71981e-07
-3.19644e-07
3.20151e-06
3.1208e-06
2.60522e-06
2.61064e-06
1.92573e-06
2.79105e-06
2.63047e-06
3.2653e-06
3.25906e-06
0.00440466
0.00440466
0.00440466
